,Возраст,Доход,Стаж работы (лет),Сумма кредита,Процентная ставка (%),Процент дохода на кредит (%),Длина кредитной истории (лет)
Возраст,1.0,0.1491730054632172,0.06474049274032444,0.061754608917085035,-0.0007529111295415883,-0.04664747094003438,0.8048006591303076
Доход,0.1491730054632172,1.0,0.22275641028697235,0.3657822347518204,-0.08501393808071565,-0.3273641817287397,0.10235823284648082
Стаж работы (лет),0.06474049274032444,0.22275641028697235,1.0,0.09426417080055514,-0.11073090128556035,-0.06207115358975174,0.03650384858010097
Сумма кредита,0.061754608917085035,0.3657822347518204,0.09426417080055514,1.0,0.08319804506904879,0.7168335567715802,0.046066968436573416
Процентная ставка (%),-0.0007529111295415883,-0.08501393808071565,-0.11073090128556035,0.08319804506904879,1.0,0.1443879326910848,-0.0013221492789211781
Процент дохода на кредит (%),-0.04664747094003438,-0.3273641817287397,-0.06207115358975174,0.7168335567715802,0.1443879326910848,1.0,-0.029311216244290103
Длина кредитной истории (лет),0.8048006591303076,0.10235823284648082,0.03650384858010097,0.046066968436573416,-0.0013221492789211781,-0.029311216244290103,1.0
