,Возраст,Доход,Стаж работы (лет),Сумма кредита,Процентная ставка (%),Процент дохода на кредит (%),Длина кредитной истории (лет)
Возраст,1.0,0.14122351458108875,0.16286226556393713,0.04718546687640085,0.023686898098597073,0.06189707443534597,0.8608564291204261
Доход,0.14122351458108875,1.0,0.17514030716385864,0.35321797489806184,0.08465695424626636,0.3160963939200785,0.11285975543960847
Стаж работы (лет),0.16286226556393713,0.17514030716385864,1.0,0.09504998700648941,0.1134334938708433,0.04427815695495815,0.1383062364831702
Сумма кредита,0.04718546687640085,0.35321797489806184,0.09504998700648941,1.0,0.08548450409042223,0.6381243123152593,0.04685740981385674
Процентная ставка (%),0.023686898098597073,0.08465695424626636,0.1134334938708433,0.08548450409042223,1.0,0.1167143302633298,0.021189213630145205
Процент дохода на кредит (%),0.06189707443534597,0.3160963939200785,0.04427815695495815,0.6381243123152593,0.1167143302633298,1.0,0.04765280065025006
Длина кредитной истории (лет),0.8608564291204261,0.11285975543960847,0.1383062364831702,0.04685740981385674,0.021189213630145205,0.04765280065025006,1.0
