,Возраст,Доход,Стаж работы (лет),Сумма кредита,Процентная ставка (%),Процент дохода на кредит (%),Длина кредитной истории (лет)
Возраст,1.0,0.10217559982326707,0.12127583053031812,0.050378295854854156,0.009653039455982625,-0.03197457429147261,0.8742597354896695
Доход,0.10217559982326707,1.0,0.16404235917885113,0.3109421045673472,-0.057611431747294245,-0.28031413365438196,0.08272719187862723
Стаж работы (лет),0.12127583053031812,0.16404235917885113,1.0,0.09204597143963705,-0.10190979317900545,-0.06582378249585072,0.10284173511479938
Сумма кредита,0.050378295854854156,0.3109421045673472,0.09204597143963705,1.0,0.11358211013497878,0.6472664019224136,0.045719735408373804
Процентная ставка (%),0.009653039455982625,-0.057611431747294245,-0.10190979317900545,0.11358211013497878,1.0,0.15220088604054355,0.007534706428561955
Процент дохода на кредит (%),-0.03197457429147261,-0.28031413365438196,-0.06582378249585072,0.6472664019224136,0.15220088604054355,1.0,-0.02320208113129443
Длина кредитной истории (лет),0.8742597354896695,0.08272719187862723,0.10284173511479938,0.045719735408373804,0.007534706428561955,-0.02320208113129443,1.0
